name: EasyFrp_Env
channels:
  - defaults
dependencies:
  - bzip2=1.0.8
  - ca-certificates=2026.5.14
  - libexpat=2.8.1
  - libffi=3.4.8
  - libzlib=1.3.2
  - openssl=3.5.7
  - packaging=26.0
  - pip=26.1.1
  - python=3.11.15
  - setuptools=82.0.1
  - sqlite=3.53.2
  - tk=8.6.15
  - tzdata=2026b
  - ucrt=10.0.22621.0
  - vc=14.3
  - vc14_runtime=14.44.35208
  - vs2015_runtime=14.44.35208
  - wheel=0.46.3
  - xz=5.8.2
  - zlib=1.3.2
  - pip:
      - altgraph==0.17.5
      - pefile==2024.8.26
      - pyinstaller==6.21.0
      - pyinstaller-hooks-contrib==2026.6
      - pyqt6==6.11.0
      - pyqt6-qt6==6.11.1
      - pyqt6-sip==13.11.1
      - pywin32-ctypes==0.2.3
